taxAmo=0.0095;
identServoMotor = [ 
-0.12	0;
-0.12	0;
-0.12	0;
-0.12	0;
-0.13	0;
-0.13	0;
-0.12	0;
-0.13	0;
-0.13	0;
-0.13	0;
-0.13	0;
-0.13	0;
-0.12	0;
-0.12	0;
-0.12	0;
-0.12	0;
-0.12	0;
-0.12	0;
-0.12	0;
-0.12	0;
-0.12	0;
-0.12	0;
-0.12	0;
-0.12	0;
-0.12	0;
-0.12	0;
-0.12	0;
-0.12	0;
-0.12	0;
-0.12	0;
-0.12	0;
-0.12	0;
-0.12	0;
-0.12	0;
-0.12	0;
-0.12	0;
-0.12	0;
-0.12	0;
-0.12	0;
-0.12	0;
-0.12	0;
-0.12	0;
-0.12	0;
-0.12	0;
-0.12	0;
-0.12	0;
-0.12	0;
-0.12	0;
-0.12	0;
-0.12	0;
-0.13	0;
-0.13	0;
-0.13	0;
-0.13	0;
-0.13	0;
-0.13	0;
-0.13	0;
-0.13	0;
-0.11	0;
-0.11	0;
-0.12	0;
-0.12	0;
-0.11	0;
-0.11	0;
-0.12	0;
-0.12	0;
-0.11	0;
-0.12	0;
-0.13	0;
-0.12	0;
-0.12	0;
-0.12	0;
-0.13	0;
-0.13	0;
-0.11	0;
-0.11	0;
-0.12	0;
-0.12	0;
-0.12	0;
-0.11	0;
-0.11	0;
-0.12	0;
-0.13	0;
-0.11	0;
-0.12	0;
-0.13	0;
-0.13	0;
-0.12	0;
-0.12	0;
-0.12	0;
-0.12	0;
-0.11	0;
-0.11	0;
-0.11	0;
-0.11	0;
-0.11	0;
-0.11	0;
-0.11	0;
-0.11	0;
-0.11	0;
-0.12	0;
-0.12	0;
-0.12	0;
-0.11	0;
-0.11	0;
-0.11	20;
-0.11	20;
-0.11	20;
-0.10	20;
-0.01	20;
0.16	20;
0.60	20;
0.91	20;
1.22	20;
1.52	20;
2.18	20;
2.49	20;
2.77	20;
3.04	20;
3.44	20;
3.61	20;
3.73	20;
3.79	20;
3.97	20;
4.05	20;
4.11	20;
4.16	20;
4.26	20;
4.31	20;
4.33	20;
4.36	20;
4.42	20;
4.44	-20;
4.46	-20;
4.48	-20;
4.49	-20;
4.32	-20;
4.04	-20;
3.73	-20;
2.83	-20;
2.25	-20;
1.65	-20;
1.06	-20;
-0.23	-20;
-0.92	-20;
-1.61	-20;
-2.27	-20;
-3.41	-20;
-3.86	-20;
-4.13	-20;
-4.29	-20;
-4.63	-20;
-4.72	-20;
-4.73	-20;
-4.74	-20;
-4.80	-20;
-4.81	-20;
-4.87	-20;
-4.94	20;
-4.97	20;
-4.96	20;
-4.94	20;
-4.84	20;
-4.46	20;
-4.23	20;
-3.94	20;
-3.62	20;
-2.91	20;
-2.52	20;
-2.14	20;
-1.73	20;
-0.85	20;
-0.39	20;
0.12	20;
0.58	20;
1.53	20;
1.99	20;
2.38	20;
2.75	20;
3.09	20;
3.36	20;
3.58	20;
3.79	20;
3.93	20;
4.02	20;
4.11	20;
4.18	-20;
4.21	-20;
4.23	-20;
4.23	-20;
4.22	-20;
4.21	-20;
4.16	-20;
4.11	-20;
4.00	-20;
3.77	-20;
3.46	-20;
3.09	-20;
2.67	-20;
2.13	-20;
1.50	-20;
0.87	-20;
0.25	-20;
-0.41	-20;
-1.09	-20;
-1.75	-20;
-2.36	-20;
-2.92	-20;
-3.48	-20;
-3.93	-20;
-4.17	-20;
-4.31	-20;
-4.46	-20;
-4.68	-20;
-4.70	20;
-4.73	20;
-4.78	20;
-4.80	20;
-4.84	20;
-4.89	20;
-4.91	20;
-4.96	20;
-4.86	20;
-4.68	20;
-4.49	20;
-3.98	20;
-2.97	20;
-2.57	20;
-2.18	20;
-1.77	20;
-1.34	20;
-0.90	20;
0.07	20;
0.55	20;
1.01	20;
1.49	20;
1.95	20;
2.34	20;
2.71	20;
3.05	20;
3.32	20;
3.55	20;
3.75	20;
3.90	20;
4.00	-20;
4.09	-20;
4.16	-20;
4.20	-20;
4.23	-20;
4.25	-20;
4.23	-20;
4.23	-20;
4.23	-20;
4.21	-20;
4.17	-20;
4.07	-20;
3.84	-20;
3.52	-20;
3.15	-20;
2.71	-20;
2.16	-20;
0.92	-20;
0.30	-20;
-0.36	-20;
-1.05	-20;
-1.72	-20;
-2.34	-20;
-2.92	-20;
-3.47	-20;
-3.93	-20;
-4.17	-20;
-4.32	-20;
-4.47	-20;
-4.63	20;
-4.71	20;
-4.73	20;
-4.75	20;
-4.78	20;
-4.77	20;
-4.65	20;
-4.49	20;
-4.32	20;
-4.08	20;
-3.77	20;
-3.44	20;
-3.12	20;
-2.74	20;
-2.35	20;
-1.97	20;
-1.57	20;
-1.13	20;
-0.67	20;
-0.20	20;
0.29	20;
0.75	20;
1.22	20;
1.69	20;
2.11	20;
2.49	20;
2.85	20;
3.17	20;
3.41	20;
3.64	20;
3.83	20;
3.95	-20;
4.05	-20;
4.14	-20;
4.21	-20;
4.20	-20;
4.17	-20;
4.16	-20;
4.13	-20;
4.08	-20;
4.05	-20;
3.95	-20;
3.72	-20;
3.38	-20;
3.02	-20;
2.58	-20;
2.02	-20;
1.38	-20;
0.76	-20;
0.15	-20;
-0.50	-20;
-1.20	-20;
-1.86	-20;
-2.46	-20;
-3.02	-20;
-3.58	-20;
-4.00	-20;
-4.22	-20;
-4.35	-20;
-4.52	-20;
-4.66	-20;
-4.71	-20;
-4.72	20;
-4.75	20;
-4.80	20;
-4.78	20;
-4.66	20;
-4.51	20;
-4.34	20;
-4.09	20;
-3.78	20;
-3.47	20;
-3.13	20;
-2.75	20;
-2.37	20;
-1.99	20;
-1.57	20;
-1.13	20;
-0.68	20;
-0.20	20;
0.29	20;
0.75	20;
1.22	20;
1.69	20;
2.12	20;
2.50	20;
2.86	20;
3.17	20;
3.41	20;
3.62	20;
3.81	20;
3.94	20;
4.02	20;
4.11	20;
4.17	20;
4.20	-20;
4.24	-20;
4.30	-20;
4.33	-20;
4.33	-20;
4.33	-20;
4.34	-20;
4.32	-20;
4.29	-20;
4.29	-20;
4.22	-20;
4.01	-20;
3.70	-20;
3.36	-20;
2.94	-20;
2.39	-20;
1.76	-20;
1.13	-20;
0.52	-20;
-0.12	-20;
-0.81	-20;
-1.51	-20;
-2.15	-20;
-2.74	-20;
-3.33	-20;
-3.84	-20;
-4.13	-20;
-4.26	-20;
-4.42	-20;
-4.58	-20;
-4.67	-20;
-4.68	-20;
-4.71	-20;
-4.77	20;
-4.80	20;
-4.78	20;
-4.75	20;
-4.66	20;
-4.45	20;
-4.23	20;
-4.00	20;
-3.70	20;
-3.35	20;
-3.00	20;
-1.83	20;
-1.42	20;
-0.99	20;
-0.52	20;
-0.01	20;
0.45	20;
0.91	20;
1.41	20;
1.88	20;
2.28	20;
2.67	20;
3.02	20;
3.31	20;
3.55	20;
3.77	20;
3.93	20;
4.02	20;
4.11	20;
4.19	20;
4.22	20;
4.25	20;
4.31	20;
4.35	20;
4.40	20;
4.46	20;
4.49	-20;
4.51	-20;
4.51	-20;
4.45	-20;
4.25	-20;
3.93	-20;
3.59	-20;
3.20	-20;
2.67	-20;
2.06	-20;
1.44	-20;
0.82	-20;
0.17	-20;
-0.53	-20;
-1.23	-20;
-1.91	-20;
-2.56	-20;
-3.16	-20;
-3.71	-20;
-4.09	-20;
-4.28	-20;
-4.42	-20;
-4.58	-20;
-4.70	-20;
-4.72	-20;
-4.73	-20;
-4.78	-20;
-4.82	-20;
-4.82	-20;
-4.83	-20;
-4.89	-20;
-4.93	-20;
-4.94	-20;
-4.99	-20;
-5.01	-20;
-5.00	20;
-4.98	20;
-4.99	20;
-4.99	20;
-4.95	20;
-4.84	20;
-4.65	20;
-4.43	20;
-3.56	20;
-3.20	20;
-2.81	20;
-2.42	20;
-2.01	20;
-1.58	20;
-1.13	20;
-0.69	20;
-0.19	20;
0.31	20;
0.78	20;
1.26	20;
1.75	20;
2.18	20;
2.55	20;
2.91	20;
3.23	20;
3.48	20;
3.70	20;
3.88	20;
4.01	20;
4.12	20;
4.23	20;
4.28	20;
4.33	20;
4.38	20;
4.42	20;
4.44	20;
4.47	20;
4.49	20;
4.51	-20;
4.52	-20;
4.54	-20;
4.54	-20;
4.48	-20;
4.27	-20;
3.98	-20;
3.64	-20;
3.20	-20;
2.65	-20;
2.05	-20;
1.44	-20;
0.82	-20;
0.15	-20;
-0.54	-20;
-1.23	-20;
-1.93	-20;
-2.56	-20;
-3.14	-20;
-3.68	-20;
-4.06	-20;
-4.23	-20;
-4.34	-20;
-4.50	-20;
-4.67	-20;
-4.73	-20;
-4.73	-20;
-4.76	-20;
-4.82	-20;
-4.82	-20;
-4.82	-20;
-4.89	-20;
-4.96	-20;
-4.99	-20;
-5.01	-20;
-5.04	-20;
-5.04	-20;
-5.02	-20;
-5.02	20;
-5.02	20;
-5.02	20;
-5.02	20;
-4.99	20;
-4.85	20;
-4.65	20;
-4.45	20;
-4.20	20;
-2.81	20;
-2.40	20;
-1.57	20;
-1.11	20;
-0.66	20;
-0.16	20;
0.35	20;
0.82	20;
1.30	20;
1.78	20;
2.20	20;
2.59	20;
2.95	20;
3.26	20;
3.51	20;
3.74	20;
3.92	20;
4.03	20;
4.13	20;
4.21	20;
4.27	20;
4.30	20;
4.35	20;
4.38	20;
4.41	20;
4.45	20;
4.49	20;
4.51	20;
4.52	20;
4.54	20;
4.55	20;
4.55	20;
4.56	-20;
4.56	-20;
4.56	-20;
4.47	-20;
4.24	-20;
3.91	-20;
3.56	-20;
3.11	-20;
2.56	-20;
1.96	-20;
1.34	-20;
0.71	-20;
0.03	-20;
-0.67	-20;
-1.37	-20;
-2.06	-20;
-2.68	-20;
-3.23	-20;
-3.70	-20;
-4.04	-20;
-4.23	-20;
-4.37	-20;
-4.53	-20;
-4.65	-20;
-4.69	-20;
-4.70	-20;
-4.74	-20;
-4.80	-20;
-4.81	-20;
-4.83	-20;
-4.90	-20;
-4.95	-20;
-4.97	-20;
-4.97	-20;
-4.97	-20;
-4.97	-20;
-4.97	-20;
-4.97	-20;
-4.97	-20;
-4.97	-20;
-4.97	20;
-4.97	20;
-4.96	20;
-4.93	20;
-4.80	20;
-4.61	20;
-4.39	20;
-4.15	20;
-3.84	20;
-3.49	20;
-3.14	20;
-2.75	20;
-2.34	20;
-1.93	20;
-1.51	20;
-1.07	20;
-0.60	20;
-0.09	20;
0.40	20;
0.87	20;
1.35	20;
1.83	20;
2.25	20;
2.63	20;
2.99	20;
3.29	20;
3.53	20;
3.74	20;
3.91	20;
4.00	20;
4.09	20;
4.17	20;
4.21	20;
4.24	20;
4.31	20;
4.36	20;
4.38	20;
4.42	20;
4.48	20;
4.50	20;
4.50	20;
4.51	20;
4.52	20;
4.51	20;
4.53	-20;
4.54	-20;
4.54	-20;
4.45	-20;
4.23	-20;
3.94	-20;
3.60	-20;
3.15	-20;
2.59	-20;
1.99	-20;
1.37	-20;
0.74	-20;
0.08	-20;
-0.62	-20;
-1.32	-20;
-2.02	-20;
-2.65	-20;
-3.21	-20;
-3.70	-20;
-4.04	-20;
-4.24	-20;
-4.37	-20;
-4.52	-20;
-4.66	-20;
-4.70	-20;
-4.71	-20;
-4.76	-20;
-4.80	-20;
-4.82	-20;
-4.83	-20;
-4.89	-20;
-4.94	-20;
-4.97	-20;
-5.00	-20;
-5.04	-20;
-5.05	-20;
-5.03	-20;
-5.02	-20;
-5.03	-20;
-5.03	-20;
-5.04	-20;
-5.03	-20;
-5.02	-20;
-5.03	-20;
-5.03	20;
-5.03	20;
-5.02	20;
-4.98	20;
-4.84	20;
-4.63	20;
-4.42	20;
-4.16	20;
-3.85	20;
-3.51	20;
-3.14	20;
-2.75	20;
-2.34	20;
-1.93	20;
-1.51	20;
-1.05	20;
-0.59	20;
-0.09	20;
0.41	20;
0.88	20;
1.37	20;
1.85	20;
2.28	20;
2.67	20;
3.03	20;
3.34	20;
3.59	20;
3.80	20;
3.95	20;
4.05	20;
4.14	20;
4.21	20;
4.24	20;
4.29	20;
4.34	20;
4.37	20;
4.40	20;
4.44	20;
4.49	20;
4.50	20;
4.50	20;
4.51	20;
4.51	20;
4.52	20;
4.52	20;
4.51	20;
4.51	20;
4.51	20;
4.51	-20;
4.52	-20;
4.51	-20;
4.51	-20;
4.50	-20;
4.42	-20;
4.19	-20;
3.87	-20;
3.53	-20;
3.07	-20;
2.51	-20;
1.90	-20;
1.27	-20;
0.64	-20;
-0.04	-20;
-0.73	-20;
-1.43	-20;
-2.11	-20;
-2.72	-20;
-3.30	-20;
-3.80	-20;
-4.10	-20;
-4.27	-20;
-4.41	-20;
-4.57	-20;
-4.69	-20;
-4.69	-20;
-4.76	-20;
-4.80	-20;
-4.80	-20;
-4.81	-20;
-4.88	-20;
-4.92	-20;
-4.95	-20;
-4.99	-20;
-5.06	-20;
-5.02	-20;
-5.02	-20;
-5.03	-20;
-5.02	-20;
-5.02	-20;
-5.03	-20;
